
% Filename : linearInferno.m
% Authors  : Stéfan van der Walt | Nathaniel Smith | Ander Biguri | Manuel C. Kohl
% Date     : 13.12.2016

function rgbMap = linearInferno(n)
	
	rgbValues = [
	   0.001461590960000   0.000466127766000   0.013865520000000
	   0.002267263680000   0.001269925530000   0.018570352000000
	   0.003298990920000   0.002249348630000   0.024239050800000
	   0.004546906150000   0.003391801560000   0.030909247500000
	   0.006005525650000   0.004691945610000   0.038557898000000
	   0.007675788560000   0.006136116260000   0.046836033600000
	   0.009560510940000   0.007713441310000   0.055143075600000
	   0.011663476900000   0.009416754030000   0.063459808000000
	   0.013995038800000   0.011224713800000   0.071861689000000
	   0.016560559500000   0.013136226200000   0.080281795100000
	   0.019373229500000   0.015132578900000   0.088766809400000
	   0.022446886500000   0.017199148400000   0.097327438300000
	   0.025792737300000   0.019330629800000   0.105929835000000
	   0.029432425100000   0.021503077100000   0.114621328000000
	   0.033385223500000   0.023702427100000   0.123397286000000
	   0.037668421100000   0.025920786400000   0.132232108000000
	   0.042252555400000   0.028138501500000   0.141140519000000
	   0.046914628700000   0.030323612900000   0.150163867000000
	   0.051643762400000   0.032473617200000   0.159254277000000
	   0.056449100900000   0.034569186700000   0.168413539000000
	   0.061339720000000   0.036590021300000   0.177642172000000
	   0.066331262000000   0.038503626800000   0.186961588000000
	   0.071428918100000   0.040293909500000   0.196353558000000
	   0.076636756000000   0.041905332900000   0.205798788000000
	   0.081962077300000   0.043327866600000   0.215289113000000
	   0.087411389700000   0.044556166200000   0.224813479000000
	   0.092990152600000   0.045582950300000   0.234357604000000
	   0.098702497200000   0.046401873100000   0.243903700000000
	   0.104550936000000   0.047008054100000   0.253430300000000
	   0.110536084000000   0.047398670800000   0.262912235000000
	   0.116656423000000   0.047573592000000   0.272320803000000
	   0.122908126000000   0.047536018300000   0.281624170000000
	   0.129284984000000   0.047293083800000   0.290788012000000
	   0.135778450000000   0.046856367800000   0.299776404000000
	   0.142377819000000   0.046242256600000   0.308552910000000
	   0.149072957000000   0.045467644400000   0.317085139000000
	   0.155849711000000   0.044558805600000   0.325338414000000
	   0.162688939000000   0.043554288100000   0.333276678000000
	   0.169575148000000   0.042489314900000   0.340874188000000
	   0.176493202000000   0.041401708900000   0.348110606000000
	   0.183428775000000   0.040328885800000   0.354971391000000
	   0.190367453000000   0.039308888800000   0.361446945000000
	   0.197297425000000   0.038400182500000   0.367534629000000
	   0.204209298000000   0.037632260900000   0.373237557000000
	   0.211095463000000   0.037029648800000   0.378563264000000
	   0.217948648000000   0.036614604900000   0.383522415000000
	   0.224762908000000   0.036404990100000   0.388128944000000
	   0.231538148000000   0.036405251100000   0.392400150000000
	   0.238272961000000   0.036620994900000   0.396353388000000
	   0.244966911000000   0.037054501700000   0.400006615000000
	   0.251620354000000   0.037705283200000   0.403377897000000
	   0.258234265000000   0.038570615300000   0.406485031000000
	   0.264809649000000   0.039646866600000   0.409345373000000
	   0.271346664000000   0.040921582100000   0.411976086000000
	   0.277849829000000   0.042352874100000   0.414392106000000
	   0.284321318000000   0.043932578700000   0.416607861000000
	   0.290763373000000   0.045643759800000   0.418636756000000
	   0.297178251000000   0.047470029300000   0.420491164000000
	   0.303568182000000   0.049395892700000   0.422182449000000
	   0.309935342000000   0.051406972900000   0.423720999000000
	   0.316281835000000   0.053490132100000   0.425116277000000
	   0.322609671000000   0.055633517800000   0.426376869000000
	   0.328920763000000   0.057826550500000   0.427510546000000
	   0.335216916000000   0.060059873400000   0.428524320000000
	   0.341499828000000   0.062325277200000   0.429424503000000
	   0.347771086000000   0.064615610000000   0.430216765000000
	   0.354032169000000   0.066924683200000   0.430906186000000
	   0.360284449000000   0.069247175300000   0.431497309000000
	   0.366529195000000   0.071578540300000   0.431994185000000
	   0.372767575000000   0.073914921100000   0.432400419000000
	   0.379000659000000   0.076253070100000   0.432719214000000
	   0.385228383000000   0.078591486400000   0.432954973000000
	   0.391452659000000   0.080926705800000   0.433108763000000
	   0.397674379000000   0.083256812900000   0.433182647000000
	   0.403894278000000   0.085580344500000   0.433178526000000
	   0.410113015000000   0.087896159300000   0.433098056000000
	   0.416331169000000   0.090203399200000   0.432942678000000
	   0.422549249000000   0.092501454300000   0.432713635000000
	   0.428767696000000   0.094789934200000   0.432411996000000
	   0.434986885000000   0.097068641700000   0.432038673000000
	   0.441207124000000   0.099337551000000   0.431594438000000
	   0.447428382000000   0.101597079000000   0.431080497000000
	   0.453650614000000   0.103847716000000   0.430497898000000
	   0.459874623000000   0.106089165000000   0.429845789000000
	   0.466100494000000   0.108321923000000   0.429124507000000
	   0.472328255000000   0.110546584000000   0.428334320000000
	   0.478557889000000   0.112763831000000   0.427475431000000
	   0.484789325000000   0.114974430000000   0.426547991000000
	   0.491022448000000   0.117179219000000   0.425552106000000
	   0.497257069000000   0.119379132000000   0.424487908000000
	   0.503492698000000   0.121575414000000   0.423356110000000
	   0.509729541000000   0.123768654000000   0.422155676000000
	   0.515967304000000   0.125959947000000   0.420886594000000
	   0.522205646000000   0.128150439000000   0.419548848000000
	   0.528444192000000   0.130341324000000   0.418142411000000
	   0.534682523000000   0.132533845000000   0.416667258000000
	   0.540920186000000   0.134729286000000   0.415123366000000
	   0.547156706000000   0.136928959000000   0.413510662000000
	   0.553391649000000   0.139134147000000   0.411828882000000
	   0.559624442000000   0.141346265000000   0.410078028000000
	   0.565854477000000   0.143566769000000   0.408258132000000
	   0.572081108000000   0.145797150000000   0.406369246000000
	   0.578303656000000   0.148038934000000   0.404411444000000
	   0.584521407000000   0.150293679000000   0.402384829000000
	   0.590733615000000   0.152562977000000   0.400289528000000
	   0.596939751000000   0.154848232000000   0.398124897000000
	   0.603138930000000   0.157151161000000   0.395891308000000
	   0.609330184000000   0.159473549000000   0.393589349000000
	   0.615512627000000   0.161817111000000   0.391219295000000
	   0.621685340000000   0.164183582000000   0.388781456000000
	   0.627847374000000   0.166574724000000   0.386276180000000
	   0.633997746000000   0.168992314000000   0.383703854000000
	   0.640135447000000   0.171438150000000   0.381064906000000
	   0.646259648000000   0.173913876000000   0.378358969000000
	   0.652369348000000   0.176421271000000   0.375586209000000
	   0.658463166000000   0.178962399000000   0.372748214000000
	   0.664539964000000   0.181539111000000   0.369845599000000
	   0.670598572000000   0.184153268000000   0.366879025000000
	   0.676637795000000   0.186806728000000   0.363849195000000
	   0.682656407000000   0.189501352000000   0.360756856000000
	   0.688653158000000   0.192238994000000   0.357602797000000
	   0.694626769000000   0.195021500000000   0.354387853000000
	   0.700575937000000   0.197850703000000   0.351112900000000
